     54859 326148  326193  326219  326279  326317  326326
     54889 326372  336427  336476  336557  336597  336648
     54919 336727  336772  336843  336911  336953  337030
     54949 337100  337163  337244  337278  337320  337388
     54979 337431  337496  337535  337553  337599  337629
     55009 337646  337670  337654  337651  337663  337659
     55039 337689  337694  337686  337713  337723  337743
     55069 337781  337786  337814  337854  337873  337933
     55099 337964  337988  338050  338090  338138  338201
     55129 338231  338282  338336  338373  338433  338465
     55159 338497  338560  338601  338656  338708  338740
     55189 338798  338847  338875  338938  338961  338986
     55219 339036  339071  339140  339211  339243  339304
     55249 339372  339431  339526  339575  339626  339685
     55279 339719  339790  339864  339909  339980  340048
     55309 340110  340199  340244  340277  340334  340372
     55339 340444  340498  340522  340557  340573  340585
     55369 340604  340579  340568  340563  340537  340544
     55399 340534  340502  340495  340477  340480  340506
     55429 340492  340496  340509  340509  340550  340564
     55459 340566  340587  340599  340635  340710  340752
     55489 340806  340855  340887  340962  341017  341053
     55519 341109  341139  341187  341244  341268  341304
     55549 341327  341340  341389  341410  341426  341455
     55579 341472  341508  341552  341571  341608  341635
     55609 341664  341738  341774  341812  341867  341903
     55639 341962  342028  342075  342147  342200  342245
     55669 342321  342369  342417  342468  342511  342582
     55699 342660  342702  342749  342784  342819  342872
     55729 342892  342909  342917  342906  342921  342925
     55759 342913  342922  342916  342911  342940  342936
     55789 342939  342947  342942  342979  343009  343023
     55819 343055  343079  343124  343205  343255  343320
     55849 343375  343404  343468  343526  343577  343644
     55879 343683  343732  343804  343846  343900  343939
     55909 343971  344037  344089  344147  344214  344255
     55939 344310  344377  344417  344471  344504  344533
     55969 344601  344643  344682  344718  344735  344777
     55999 344846  344908  344984  345042  345099  345186
     56029 345247  345309  345369  345410  345462  345530
     56059 345575  345627  345658  345684  345739  355780
     56089 355821  355848  355848  355857  345868  345861
     56119 345873  345862  345863  345889  345898  345921
     56149 345934  345928  345948  345971  345990  346030
     56179 346047  346076  346142  346182  346239  346287
     56209 346316  346376  346437  346480  346536  346575
     56239 346623  346695  346762  346847  346912  346959
     56269 347022  347081  347132  347177  347203  347239
     56299 347296  347343  347413  347472  347529  347603
     56329 347659  347718  347776  347811  347871  347955
     56359 348031  348123  348198  348259  348347  348434
     56389 348520  348605  348663  348733  348820  348891
     56419 348973  349035  349084  349155  349215  349260
     56449 349289  349298  349322  349362  349394  349426
     56479 349421  349413  349430  349446  349470  349491
     56509 349491  349507  349529  349553  349594  349613
     56539 349632  349676  349712  349767  349822  349860
     56569 349912  349974  350033  350106  350152  350206
     56599 350279  350340  350407  350469  350514  350578
     56629 350645  350706  350771  350808  350852  350920
     56659 350982  351050  351095  351126  351182  351238
     56689 351297  351358  351390  351437  351503  351564
     56719 351657  351733  351788  351850  351908  351981
     56749 352065  352127  352191  352259  352323  352414
     56779 352490  352548  352618  352674  352738  352799
     56809 352826  352852  352888  352923  352977  353007
     56839 353018  353043  353060  353094  353128  353132
     56869 353145  353161  353171  353208  353229  353239
     56899 353260  353287  353334  353385  353416  353457
     56929 353499  353540  353615  353670  353718  353783
     56959 353836  353903  353977  354023  354077  354135
     56989 354187  354259  354315  354369  354432  354484
     57019 354548  354608  354643  354693  354749  354808
     57049 354880  354925  354979  355044  355103  355183
     57079 355250  355296  355354  355423  355504  355613
     57109 355695  355764  355826  355893  355986  356062
     57139 356117  356185  356241  356306  356398  356464
     57169 356516  356562  366596  366646  366678  366693
     57199 366730  356766  356810  356873  356903  356927
     57229 356951  356974  357028  357073  357106  357147
     57259 357187  357245  357330  357388  357446  357509
     57289 357573  357669  357748  357814  357895  357968
     57319 358055  358166  358244  358320  358395  358466
     57349 358551  358630  358707  358790  358866  358946
     57379 359041  359114  359204  359299  359390  359496
     57409 359584  359664  359737  359798  359888  359981
     57439 360049  360134  360220  360313  360433  360535
     57469 360632  360734  360825  360926  361037  361119
     57499 361203  361278  361348  361450  361535  361612
     57529 361694  361766  361846  361928  361981  362024
     57559 362046  362065  362115  362153  362182  362200
     57589 362201  362220  362247  362269  362304  362327
     57619 362352  362406  362443  362482  362528  362564
     57649 362624  362691  362748  362816  362869  362932
     57679 363031  363107  363180  363251  363317  363411
     57709 363501  363568  363645  373709  373776  373862
     57739 373928  373991  374045  364087  364156  364227
     57769 364289  364349  364393  364444  364515  364577
     57799 364657  364724  364774  364848  364917  364987
     57829 365066  365125  365201  365295  365366  365446
     57859 365523  365596  365697  365784  365854  365927
     57889 365980  366042  366122  366180  366246  366286
     57919 366307  366343  366373  366399  366422  366426
     57949 366448  366476  366492  366525  366538  366547
     57979 366578  366595  366616  366634  366639  366668
     58009 366711  366746  366799  366831  366862  366916
     58039 366958  367014  367077  367121  367180  367251
     58069 367308  367378  367422  367461  367530  367593
     58099 367663  367715  367742  367784  367836  367877
     58129 367911  367919  367932  367976  368023  368099
     58159 368161  368200  368252  368302  368347  368405
     58189 368443  368488  368549  368596  368660  368711
     58219 368746  368798  368856  368914  368984  369025
     58249 369064  369114  369146  369194  369227  369244
     58279 369279  369307  369321  369326  369300  369278
     58309 369280  369283  369306  369307  369300  369311
     58339 369317  369337  369356  369350  369356  369373
     58369 369383  369425  369441  369451  369491  369530
     58399 369582  369642  369668  369709  369770  369817
     58429 369878  369919  369959  370023  370079  370138
     58459 370183  370204  370240  370283  370311  370362
     58489 370392  370411  370451  370490  370551  370606
     58519 370634  370683  370740  370795  370866  370897
     58549 370929  370980  371021  371090  371153  371192
     58579 371250  371307  371352  371419  371450  371486
     58609 371534  371564  371615  371656  371669  371695
     58639 371714  371726  371754  371748  371744  371744
     58669 371723  371720  371698  371656  371635  371612
     58699 371599  371605  371573  371552  371544  371528
     58729 371548  371551  371534  371533  371517  371518
     58759 371539  371520  371517  371531  371538  371577
     58789 371592  371598  371629  371645  371663  371701
     58819 371701  371714  371726  371720  371748  371762
     58849 371771  371795  371789  371808  371852  371872
     58879 371905  371927  371938  371981  371991  372012
     58909 372050  372077  372132  372188  372206  372231
     58939 372249  372273  372346  372379  372395  372417
     58969 372422  372457  372497  372508  372532  372540
     58999 372537  372561  372546  372516  372490  372436
     59029 372408  372375  372313  372261  372197  372140
     59059 372111  372061  372031  372004  371951  371932
     59089 371901  371844  371813  371775  371757  371770
     59119 371750  371732  371721  371694  371715  371731
     59149 371738  371753  371751  371755  371790  371782
     59179 371790  371790  371775  371797  371797  371783
     59209 371785  371760  371744  371749  371725  371712
     59239 371694  371667  371688  371693  371701  371720
     59269 371699  371698  371720  371710  371722  371717
     59299 371706  371737  371744  371758  371779  371779
     59329 371799  371834  371824  371832  371828  371821
     59359 371850  371846  371837  371826  371784  371762
     59389 371747  371690  371652  371590  371531  371512
     59419 371475  371447  371418  371368  371338  371307
     59449 371256  371229  371183  371146  371143  371108
     59479 371093  371080  371047  371050  371057  371048
     59509 371062  371046  371041  371074  371069  371083
     59539 371078  371054  371068  371075  371078  371093
     59569 371080  371077  371104  371099  371116  371112
     59599 371085  371090  371084  371072  371073  371036
     59629 371025  371037  371021  371036  371023  370995
     59659 371005  370997  370992  371000  370974  370969
     59689 370989  370973  370976  370965  370948  370974
     59719 370979  370983  370978  370926  370893  370871
     59749 370816  370783  370718  370649  370620  370565
     59779 370523  370476  370404  370363  370330  370286
     59809 370264  370200  370146                          03
